5000012	
2360962	
2360955	
2360952	
4093299	
5000010	
2345174	
2345175	
2345177	
2345176	
2345178	
2385503	
2385504	
2385506	
2385510	
5000014	
5000015	
5000016	
5000017	
5000018	
5000019	
5000020	
5000021	
5000022	
5000023	
5000024	
5000025	
5000026	
5000027	
5000028	
5000029	
2385505	
5000030	
5000031	
5000032	
5000033	
5000034	
5000035	
5000036	
5000037	
5000038	
5000039	
5000040	
5000041	
5000042	
5000043	
5000044	
5000045	
5000046	
5000047	
5000048	
5000049	
5000050	
5000051	
5000052	
5000053	
5000054	
4086768	
2360960	
2360961	
2360957	
5000058	
5000055	
5000056	
5000059	
5000060	
5000057	
4077774	
4026681	
2342025	
