2163979	
1101212	
2382556	
1208562	
1102077	
2185230	
2220710	
2329664	
2159000	
2353186	
2304410	
2304411	
2346444	
2347039	
2341566	
0	
5000002	
5001962	
4079238	
2334708	
2358146	
2303956	
4061188	
1000253	
2308624	
2247565	
2358147	
4058116	
0	
0	
0	
2388049	
4111326	
4111383	
4111390	
4111519	
4111691	
4111696	
4111758	
4111766	
4111829	
4105887	
4111300	
4111343	
4111378	
4111393	
4111405	
4111500	
4111507	
4111529	
4111534	
4111537	
4111542	
4111547	
4111692	
4111705	
4111828	
4111905	
4111913	
4056089	
4111308	
4111332	
4111336	
4111394	
4111396	
4111399	
4111415	
4111510	
4111512	
4111516	
4111535	
4111541	
4111548	
4111709	
4111747	
4111768	
4111825	
4111907	
4111917	
4105886	
4105888	
4111317	
4111346	
4111389	
4111392	
4111403	
4111506	
4111515	
4111532	
4111546	
4111549	
4111550	
4111680	
4111699	
4111764	
4111832	
4111908	
4111918	
4111319	
4111395	
4111400	
4111468	
4111508	
4111511	
4111523	
4111527	
4111539	
4111553	
4111602	
4111631	
4111689	
4111755	
4111765	
4111398	
4111775	
4111883	
4111882	
4111876	
4111861	
2324835	
2228318	
2329741	
4111862	
2350692	
4052830	
4051739	
2198617	
2342675	
2388127	
2301265	
2324834	
4105844	
4025263	
4105806	
4101220	
4104718	
4104615	
4104770	
4104605	
4100835	
4086266	
4104682	
4104687	
4104705	
4104717	
4104604	
4082665	
4104680	
4104767	
4104838	
4104612	
4104692	
4104798	
4104837	
4104609	
4104611	
4082661	
4104607	
4104684	
4104685	
4104710	
4104714	
4104819	
4104835	
4104842	
4087409	
4104355	
4104608	
4104623	
4104624	
4104669	
4104695	
4104696	
4104704	
4104708	
4104807	
4104839	
4079188	
4079237	
4079215	
4079228	
4084624	
4084633	
2306207	
2306456	
2328941	
2328942	
2385728	
2252216	
4111375	
4086799	
2153623	
2235048	
2213073	
2304757	
2304777	
2304926	
2194937	
2194938	
2242926	
2242927	
2242931	
2322462	
2251542	
2251543	
2357101	
2386849	
2211788	
2321657	
2321241	
2118075	
2318386	
2354884	
2357781	
2180570	
2180571	
2327389	
2326254	
2111882	
2132983	
2215189	
2326656	
2311125	
2209149	
2317550	
2319622	
2319634	
2319644	
2234286	
2188283	
2188285	
2188286	
2108892	
2134888	
2307288	
2221239	
2221320	
8028848	
2252499	
2250973	
2314169	
1404583	
2104478	
2313790	
2303342	
2304915	
2304448	
2304528	
2305603	
2305604	
2306707	
2250049	
2331637	
2340071	
2210458	
2232391	
2305841	
2303644	
2226249	
2226250	
2219624	
4079243	
1102758	
1301728	
2102927	
2103652	
2104892	
2108702	
2133956	
2137863	
2313814	
2313921	
2313948	
2303309	
2303346	
2304913	
2305269	
2305281	
2303307	
2303443	
2303458	
2303464	
2303487	
2303489	
2303833	
2303851	
2304463	
2304848	
2305595	
2305608	
2305643	
2306736	
2307694	
2305262	
2307772	
2307777	
2250069	
2364712	
2192127	
2346547	
2316143	
4102774	
2316048	
2364484	
4086516	
4083930	
4075464	
2327995	
2340042	
2340043	
2340044	
2340541	
2340542	
2336167	
2351407	
2214233	
2338967	
2233201	
2231401	
2305840	
2314745	
4019971	
4103294	
4103338	
2374298	
4079192	
4100236	
4106557	
4083849	
2304861	
2336294	
2337085	
8801829	
1202577	
2105724	
2131012	
2133957	
2138145	
2215207	
2215212	
2313716	
2313835	
2313889	
2303311	
2303874	
2304853	
2304886	
2305256	
2305273	
2305282	
2303452	
2303438	
2303439	
2303474	
2303506	
2303837	
2304473	
2304485	
2304437	
2305597	
2305609	
2305640	
2307696	
2310134	
2250065	
2226569	
2330372	
2330393	
2330390	
2210961	
2250121	
4091372	
4091434	
4102776	
2213817	
2331051	
2336168	
2336170	
2333130	
2359038	
2192111	
4019833	
4100240	
2183270	
1304070	
2100911	
2102327	
2132742	
2133959	
2139931	
2212428	
2215209	
2313717	
2313857	
2313863	
2303323	
2304908	
2305254	
2305274	
2305287	
2303320	
2303454	
2303475	
2303457	
2303460	
2303849	
2303852	
2303806	
2304484	
2304436	
2304438	
2304494	
2305598	
2305632	
2305639	
2306732	
2307698	
2307743	
2310133	
2250050	
4091392	
4091412	
4102778	
2364485	
2331052	
2336165	
2336166	
2336169	
2336321	
2360795	
2336226	
4097889	
2192112	
2170978	
2170992	
2221443	
2358118	
2162245	
4103124	
4103170	
2374300	
2360816	
4079187	
4079189	
4079239	
4079241	
2318798	
1213315	
1306018	
2104017	
2183248	
2212372	
2212615	
2214955	
2215208	
2313718	
2313862	
2303322	
2303339	
2305252	
2305275	
2305276	
2303451	
2303477	
2303461	
2303856	
2303840	
2304903	
2304440	
2304516	
2305576	
2305602	
2305638	
2305657	
2307705	
2307725	
2310129	
2192148	
2194939	
2322280	
2330389	
2232330	
2346509	
2346894	
4091408	
4020717	
4059503	
4102115	
2331053	
2336163	
2336164	
2338854	
2375814	
2204538	
2233202	
2228193	
2303645	
4103160	
2380603	
4079226	
4079244	
4100266	
4083856	
2232964	
1758023	
2100107	
2303340	
2304900	
2304450	
2305637	
2306728	
2250063	
2250064	
2335100	
2340617	
2233203	
4085092	
2134055	
2304845	
2305636	
2336291	
2340684	
2304899	
2336292	
2345204	
2169761	
2304912	
2336293	
2340041	
2331547	
2311433	
2311432	
4045156	
2192149	
2354497	
2357145	
2390461	
2389974	
2194932	
2213830	
2398168	
2398166	
2339155	
2311434	
2333488	
2354496	
2312207	
4047398	
2354495	
2390465	
2312199	
2319713	
2336152	
2228147	
2322059	
2381427	
2231821	
2222231	
2336391	
2344433	
2358440	
2358802	
2239808	
4105183	
2353971	
2366745	
2206068	
2319645	
2319650	
2126122	
2142377	
2148091	
2150895	
2150896	
2151016	
2151681	
2151692	
2152592	
2152822	
2152823	
2153430	
2179427	
2179432	
2179444	
2180140	
2180143	
2180145	
2181639	
1200931	
1200932	
1206445	
1210252	
2104924	
2150067	
2109116	
2109117	
2117486	
2117628	
2117640	
2117644	
2131055	
2131056	
2108676	
2208490	
2219179	
2216437	
2209136	
2372687	
2194934	
2192126	
2320043	
2381440	
2209139	
2248498	
2222407	
2315310	
4083357	
4083853	
4084634	
2304192	
2330502	
2330503	
2330519	
2330528	
2304182	
2304188	
2161201	
2381446	
2361371	
2361373	
2361376	
2361377	
2363986	
2363798	
4073489	
4073502	
4105149	
2225939	
2388881	
2388880	
2386190	
2388353	
4064810	
2132990	
8003529	
8003530	
8003631	
2225614	
2113176	
2315311	
2355267	
2307817	
2360308	
2337535	
2188289	
2216848	
2306016	
2213048	
2213088	
2339009	
2301148	
2133648	
4105208	
2211110	
2211144	
2313703	
2228187	
2132999	
2213607	
2310108	
2221472	
2231828	
2191695	
2191873	
4086894	
2305404	
2327234	
2331043	
2343242	
2317785	
2338895	
2345093	
2344559	
2326990	
2326991	
2342285	
2354774	
2306178	
2322038	
2333615	
2333616	
2309409	
2309412	
4086954	
2303566	
2305793	
2332648	
2338878	
2342711	
2344429	
4104547	
4104803	
2209063	
2217175	
2242122	
2218108	
2218111	
2217891	
2307916	
2132989	
2219437	
2221465	
2221474	
2191868	
2209090	
2185954	
2186226	
2186233	
2327106	
2321324	
2327232	
2342283	
2344432	
4104754	
4104203	
4104242	
2327949	
2395700	
2209817	
2154247	
2227676	
2192114	
4082922	
4087010	
2172802	
2332658	
2326287	
2342284	
2321321	
4088078	
2305015	
2306152	
2312965	
2209972	
4091923	
2192113	
2306230	
2217159	
2343330	
2231826	
4104406	
2231827	
2344430	
2344431	
2320461	
2339007	
2209068	
2331632	
2378262	
2378271	
2378280	
2327104	
2097480	
2221060	
2225425	
2178734	
2341177	
2309935	
2361443	
2364871	
2357751	
2357770	
2213139	
2338944	
2135303	
2346402	
2349725	
2349763	
2250598	
2250800	
2217015	
2217933	
2217935	
2304197	
2304343	
2142387	
2142388	
2234390	
2212895	
2218122	
2218715	
2222837	
2225047	
2227603	
2317260	
2179563	
2180370	
2180371	
2180850	
2217657	
2360295	
2111748	
2233054	
2187663	
2218324	
2173292	
2309408	
2355265	
2375510	
8024209	
2243943	
2303900	
2300642	
2312179	
2310885	
2326220	
2327235	
2326798	
2339692	
2339753	
2344558	
2354492	
4104366	
4104552	
4104791	
2302103	
2302151	
2231745	
2231966	
2232073	
2304170	
2237747	
2222214	
2228329	
2228330	
2354105	
2354131	
2379043	
2367107	
2316649	
2217934	
2211467	
2212782	
2162624	
2350818	
2192147	
8003439	
1404530	
2381564	
2245056	
2245089	
2245147	
2155725	
2227673	
2227675	
2227678	
2227679	
2227680	
2227682	
2326952	
2218610	
2222560	
2224874	
2229192	
2236514	
2236516	
2375677	
2375678	
2375679	
2375680	
2375681	
2375682	
2375683	
2375684	
2375685	
2375686	
2375687	
2375688	
2375689	
2375690	
2375691	
2375692	
2375693	
2375694	
2378784	
2215389	
2247544	
2249132	
2385404	
2385416	
2385427	
2385440	
2386508	
2386532	
2386533	
2220699	
2220704	
2220705	
2226561	
2226562	
2226674	
2326477	
2326478	
2330361	
2330365	
2381368	
2381391	
2381393	
2381394	
2381396	
2381406	
2381407	
2381414	
2192166	
2192167	
2192171	
2192183	
2192184	
2192186	
2192188	
2192193	
2132988	
2132996	
2188906	
2188912	
2200950	
2205410	
2231398	
2192146	
2233208	
2233209	
4045194	
2109055	
2316047	
8022626	
4008124	
2304723	
2309411	
2323039	
2323040	
2323041	
2323503	
2323504	
2323505	
2331456	
2331962	
2340584	
2340543	
2331061	
2331062	
2331063	
2214165	
2361670	
2109364	
2243214	
2305408	
2226023	
2338970	
2309394	
2321317	
2323640	
2351030	
2315166	
4028991	
4028992	
4031027	
4031296	
4031307	
4031308	
4031311	
4031355	
4031393	
2232352	
2315221	
2246771	
2329992	
2330499	
2330523	
2330534	
2330541	
2332167	
2329833	
2337287	
2337273	
8011644	
8011645	
8011646	
8011647	
8013628	
8013629	
8012752	
8012753	
8013146	
8013147	
8013184	
8013185	
8013219	
8013220	
2308433	
2308518	
2228188	
2301750	
2301752	
2305842	
2327112	
2192143	
2320675	
2318852	
2231906	
2231913	
2310782	
2251145	
2208325	
2235053	
2235059	
2328988	
2329017	
2362050	
2362051	
2362052	
4074365	
4048738	
4061342	
4088175	
4052845	
2303955	
2229018	
2305850	
2216601	
2389156	
2224874	
2386854	
2388543	
2388545	
2388546	
2386555	
2197110	
2314426	
2212097	
2178797	
2222422	
2114739	
2114187	
2115958	
2338953	
4029247	
4031309	
2249482	
2301748	
2310785	
2246640	
2303613	
2312627	
2243092	
2245880	
2245884	
2234262	
2234263	
2234264	
2234265	
2305906	
2324537	
2329018	
2329030	
2250992	
2250976	
2251008	
2358760	
2378284	
2378285	
2329689	
2329701	
2356482	
2356503	
2356508	
2360811	
2360812	
2360815	
2363125	
2373181	
2373156	
2338919	
2211768	
2192110	
2209308	
2209067	
2211214	
2211236	
2218454	
2354500	
2330850	
2330868	
2346344	
2365907	
2235006	
2192049	
2363735	
2363750	
2308812	
2354817	
2350811	
2386759	
2231519	
2178798	
2309938	
2354824	
2355264	
2360840	
2356292	
2313172	
2331139	
2332427	
2354012	
2354029	
2363960	
2378127	
2380941	
2366018	
2366018	
2315317	
2333115	
2333116	
2333117	
2355268	
2354827	
2173432	
2357748	
2357750	
2357786	
2384879	
2236729	
2232305	
2232332	
2198966	
2200848	
2246919	
2317088	
2317097	
2234363	
2178000	
2375660	
2382340	
2382360	
2388138	
2387192	
2387196	
2390177	
2390178	
2186007	
2252313	
2252499	
2252508	
2251101	
2304736	
2250651	
2376122	
2376124	
2376224	
2380872	
2380873	
2380874	
2385594	
2385595	
2385596	
2385597	
2385598	
2385599	
2385648	
2385651	
2385652	
2385653	
2385682	
2385683	
2385684	
2385685	
2385686	
2385687	
2387123	
2387134	
2387135	
2391068	
2391069	
2391070	
2391071	
2391072	
2391073	
2391074	
2391075	
2391076	
2391077	
2391078	
2391079	
2391080	
2391081	
2391082	
2391083	
2391084	
2389633	
2389951	
2386745	
2386746	
2386747	
2388998	
2250675	
2237747	
2250824	
2236955	
2236957	
2240558	
2378261	
2378383	
2321352	
2321354	
2216892	
2216893	
2216893	
2198249	
2360806	
2360807	
2360808	
2360471	
2378737	
2367904	
2388371	
2364433	
2368132	
2234915	
2380918	
2382343	
2382364	
2104195	
2246089	
2107367	
2225607	
2309407	
2315312	
2315423	
2336777	
2354825	
2360842	
8024208	
2214167	
2339004	
2301662	
2249493	
2360958	
2361535	
2212131	
2363801	
2363802	
2360959	
2250992	
2381444	
2361277	
2363990	
2364690	
2363803	
2361207	
2361217	
2361218	
2361220	
2132456	
2361348	
2361292	
2381443	
2360953	
2361212	
2361219	
2363797	
2361302	
2361206	
2361211	
2363984	
2209039	
2209061	
2209062	
2141486	
2159558	
2202861	
2308721	
2247576	
2247595	
2247563	
2248604	
2220691	
2220800	
2226573	
2226574	
2330362	
2185779	
2185780	
8003528	
2189105	
2189106	
2118582	
2303377	
2303378	
2303379	
2331526	
2331546	
8025072	
2315420	
2360841	
2322488	
2322503	
2322522	
2322528	
2322529	
2336474	
2336475	
2336101	
2336582	
2336128	
2330343	
2330347	
2330352	
2306571	
2306572	
2306573	
2306566	
2306567	
2309697	
2309698	
2351645	
2352905	
2352912	
2352917	
2353077	
2353112	
2353166	
2353189	
2353198	
2313169	
2318390	
2326089	
2326090	
2329862	
2329892	
2306762	
2306763	
2306764	
2309736	
2309770	
2320243	
2320246	
2320275	
2322640	
2304412	
2334240	
2334241	
8025073	
4031313	
4031314	
2211868	
2211869	
2211879	
2330499	
2329802	
2329803	
8013186	
4102371	
4086482	
4073883	
4073892	
4073923	
4073932	
4073975	
4073988	
4073997	
4074026	
4075589	
4075591	
4075620	
4075642	
4075648	
4075720	
4075736	
4075754	
4075755	
4075648	
4075720	
2372572	
2368244	
2378738	
2363783	
2363784	
2367938	
2367939	
2385306	
2371025	
2381184	
2381555	
2172122	
2377745	
2381709	
2381714	
2387370	
2387384	
2211803	
2303018	
2360313	
2381187	
2342629	
8022625	
2152258	
2152260	
2152261	
2186228	
2361291	
2361303	
2363799	
2364442	
2384805	
2304358	
2305015	
2305040	
2305096	
2113805	
2153935	
2362236	
2360342	
2361304	
2363800	
2364446	
2387233	
2360354	
2173249	
2360355	
2386467	
2360352	
2361305	
2385318	
2250565	
2378739	
2378740	
2217936	
2218452	
2225843	
2225869	
2245083	
2245084	
2245085	
2245120	
2307505	
4048992	
2372844	
2250145	
2220685	
2220711	
2239363	
2381330	
2381377	
2381388	
2381415	
2381420	
2381426	
2381452	
2381481	
2132984	
2132994	
2133003	
2132998	
2219487	
2304719	
2237630	
2309410	
2309413	
8022627	
2316369	
2322469	
2322470	
2323506	
2327401	
2214166	
2357773	
2366335	
2369578	
2225962	
2225970	
2226008	
2226053	
2226057	
2225846	
2225848	
2225852	
2225856	
2225858	
2225860	
2245078	
2245132	
2244954	
2244956	
2245097	
2245104	
2245213	
2225989	
2329998	
2330012	
2332169	
2332173	
2332181	
2332183	
8011566	
8011567	
8011582	
8011597	
8011598	
8011611	
8011612	
2212795	
4076133	
4081152	
4039524	
4039520	
4048767	
4048776	
4048779	
4048787	
4048794	
4058106	
4058110	
4057869	
4057873	
4057892	
4057895	
4057909	
4061328	
4061330	
4061335	
4061337	
4061351	
4061357	
4061358	
4072327	
4028346	
4030856	
4030869	
4030859	
4030844	
4030857	
4030848	
4030846	
4030892	
4030898	
2355266	
2315316	
2315314	
2315421	
2354826	
2351458	
2315313	
2315315	
2315422	
8024210	
2188280	
2188282	
2188288	
2327292	
1201344	
2364704	
2226570	
2381378	
2381380	
2381389	
2381482	
2221467	
2203905	
2336146	
2212335	
2211186	
2221473	
2218711	
2300309	
2188313	
2191813	
4094555	
4073488	
2326013	
4087058	
2338966	
2339003	
2339006	
2305794	
2336151	
2390464	
2354494	
2356761	
4063806	
4104258	
2302102	
2304192	
2306150	
2305500	
2218114	
2363124	
2380979	
2364444	
2193938	
2173892	
2194443	
2361343	
2361347	
4080008	
2330373	
2381534	
2381451	
2361253	
2361258	
2233049	
2364453	
0	
2214241	
2214304	
2234026	
2234027	
4056422	
2304749	
2304758	
2210227	
2210664	
2304259	
2304947	
2327458	
2327460	
2250248	
2307208	
2232473	
2242929	
2186009	
2196936	
2246123	
8004026	
2341390	
2362542	
2354867	
2319031	
2304069	
2332402	
2100204	
2357977	
4019928	
2324468	
2381609	
2327110	
2141151	
4063846	
4113721	
2219274	
2219958	
2222126	
2222164	
2212620	
2314436	
4091722	
2384468	
4050505	
4035068	
2226251	
4019674	
4026153	
4061558	
1864474	
4043311	
4034952	
4034921	
4002052	
2219956	
2219963	
2227891	
2212618	
4002335	
4050544	
2169648	
4019922	
4102953	
4103093	
4043412	
4113719	
2326350	
2219955	
2222121	
2222129	
2227890	
2212617	
2250278	
2355805	
2319171	
2360793	
2171129	
4019706	
4019841	
4020546	
4035668	
2222124	
2222145	
2250149	
2305864	
4017748	
2169664	
2397718	
2328707	
4113720	
2191668	
2220758	
2243528	
4100928	
2232302	
2324469	
2354045	
2316078	
2214236	
2171785	
8809346	
2241170	
2344481	
2344552	
2344553	
2354035	
2137639	
2181641	
2181643	
2181647	
2184640	
2184642	
2184643	
2184644	
2184655	
2184656	
2311345	
2311360	
2148660	
1261053	
1262219	
1105195	
1107291	
2193056	
2171503	
2227892	
2244202	
2370798	
2192037	
2192038	
2356128	
2216013	
2330504	
2226366	
2205754	
2242364	
4036656	
2308029	
2238587	
2168034	
2303690	
2387084	
2308037	
2226170	
4019864	
2324469	
2226439	
2217062	
2193914	
2246690	
2308102	
2306484	
2317772	
2302194	
2324468	
2250320	
2232022	
2223786	
2323916	
2232451	
2339055	
2301375	
2244467	
2307929	
2232020	
2188078	
2218590	
2193864	
2341222	
2339016	
2152559	
2310825	
2324804	
2250828	
2250899	
2329196	
2252012	
2232021	
2370747	
2357895	
2321322	
2305388	
2191666	
2306439	
2357950	
2306893	
2312488	
2337331	
2322776	
2320676	
2303551	
2250301	
2250269	
2178754	
2357988	
2220642	
2337042	
2180573	
2305844	
2226342	
2235510	
2235520	
2238830	
2249017	
2232023	
2232024	
2232301	
2180855	
2246026	
2360368	
2246124	
2232026	
2141668	
2194815	
2317784	
4104470	
2159796	
2306272	
2308168	
2312571	
2318602	
2323915	
2323917	
2323918	
2324920	
2222232	
2251724	
2250832	
2250901	
2304068	
2241728	
2244231	
2240219	
2240223	
4051654	
4052502	
4066063	
2227685	
2230556	
2230559	
2326312	
2326312	
2326911	
2326934	
2337386	
2341358	
2237069	
2237073	
2233769	
2233798	
2229572	
2234417	
2234432	
2234532	
2234579	
2234580	
2235384	
2235742	
2235808	
2235826	
2235893	
2235894	
2235986	
2236286	
2236337	
2236412	
2236435	
2236509	
2236524	
2236558	
2236558	
2236609	
2236625	
2236625	
2315540	
2315541	
2315542	
2315553	
2315699	
2315706	
2237098	
2237100	
2237101	
2237145	
2237183	
2237239	
2198390	
2378785	
2195825	
2251313	
2250341	
2251308	
2251308	
2311310	
2313676	
2313692	
2353668	
2353677	
2206422	
2250146	
2250148	
2250172	
2250174	
2250270	
2220714	
2220759	
2314435	
2336515	
2209123	
2192185	
2192187	
2192191	
2188914	
2188915	
2188916	
2202205	
2251199	
2251212	
2251212	
2178257	
2225690	
2191667	
2309897	
2327836	
2331473	
2337511	
2337515	
2337509	
2337516	
2338682	
2214237	
2172326	
2339010	
2251488	
4017707	
4011094	
4031315	
2153366	
2171143	
2171155	
2308584	
2308596	
2308638	
2234066	
2320882	
2310831	
2211770	
2240321	
2353553	
2306936	
2329032	
2318804	
2230556	
2233526	
2234417	
2234532	
2235377	
2237181	
2183214	
2192174	
2192175	
2322930	
2357993	
2172329	
2198615	
2310053	
2335496	
2308426	
2251184	
2305889	
2305889	
2305915	
2313528	
2313528	
2251352	
2326350	
2312924	
2337131	
2192116	
1262618	
2365913	
2365375	
2304812	
2191887	
2178750	
2234933	
2248758	
2231185	
2361916	
2316088	
2333648	
2308033	
2308034	
2308044	
2370751	
2371474	
2231829	
2327117	
2310794	
2305141	
2305158	
2305995	
2306107	
2250716	
2323920	
2251348	
2162130	
2191431	
2232782	
2328234	
2248051	
2178749	
2323775	
2359468	
2361534	
2361536	
2361537	
2361867	
2361868	
2361869	
2361870	
2239750	
2248631	
2205442	
2205452	
2205454	
2301775	
2250276	
2221066	
2314434	
2170742	
2134911	
2326101	
2326102	
2329863	
2329889	
4027685	
2308042	
2344244	
2357991	
2220635	
2246746	
4050487	
4050516	
4044697	
4030988	
4009448	
4026381	
4073913	
4073930	
4014719	
4020003	
2329957	
2251162	
2172125	
2318802	
2387365	
2387386	
2338476	
2306297	
2306440	
2323919	
2181648	
2235920	
4062416	
2305557	
2250247	
2250267	
2305865	
2192173	
2192181	
2178258	
4103444	
2327192	
2327193	
2340349	
2339839	
2340503	
2340132	
2220641	
2113707	
2250176	
2220755	
2220755	
2192414	
2191700	
2173248	
2345557	
2313390	
2333131	
2308039	
2355339	
2308219	
2339012	
4044697	
2375010	
2205591	
2306473	
2308086	
2313094	
2317741	
2323914	
2246717	
2240009	
4052878	
4009465	
2193934	
2196191	
2196192	
2314651	
2133005	
2130679	
4083877	
5001591	
5001590	
5001592	
5001593	
5001596	
5001584	
5001581	
5001582	
5001599	
5001598	
5001565	
5001569	
5001570	
5001594	
5008203	
5008201	
5008200	
5008202	
5008204	
5008205	
5008206	
5008207	
5008197	
5008198	
5008196	
2329700	
2332426	
5008194	
5008195	
2381153	
2387070	
2373139	
5008199	
5006940	
2335106	
2335111	
2335112	
5006960	
5006939	
2319443	
2346087	
5006959	
5006958	
5006940	
5006957	
4069569	
5006945	
5006948	
5006964	
5006963	
2309250	
5006946	
2335107	
5006942	
5006949	
5006950	
5006952	
5006951	
5006953	
2330966	
5006947	
5006955	
5006956	
4061464	
2335104	
2335105	
5006941	
5006939	
5005185	
5006944	
4073876	
2335152	
2336437	
5006967	
5006961	
4087152	
5006962	
5004833	
5004832	
5004834	
4094770	
5004836	
2333053	
5004835	
5004837	
5004826	
5004827	
2340687	
2339702	
2339701	
4091370	
2340686	
2337352	
2339698	
2340122	
5004831	
2339704	
2339887	
5004838	
5004839	
5004828	
5004829	
5004830	
2339703	
5005507	
5005509	
5005516	
5005511	
5006561	
5006566	
5006565	
4071122	
5006559	
5006562	
5006557	
5005472	
5006556	
2386840	
5006564	
5006563	
4104393	
2388987	
2388988	
5003307	
5003309	
5003308	
5003310	
2388985	
2388986	
2332786	
2332787	
2332788	
2332789	
2332790	
2332785	
2363593	
2363594	
2363595	
5003297	
5003299	
5003300	
5003301	
2367134	
5003298	
5003316	
4103113	
5003317	
2389200	
2389199	
2389198	
2355853	
2355854	
4086735	
2363371	
2363372	
2387422	
2331271	
2326958	
5003312	
5003313	
2363378	
2363375	
2360374	
2363373	
4098197	
5003325	
5003326	
2325974	
4058090	
2389201	
2363377	
5006475	
5006476	
5006477	
5006472	
5006473	
5006479	
4091425	
5006471	
5006469	
4064405	
2342013	
5006478	
5007035	
5007034	
5007033	
4082347	
4104175	
5007030	
5007032	
5007031	
2358039	
4025921	
2315479	
2358036	
2330103	
2358037	
2358038	
2362270	
4056181	
4054438	
4054882	
2330091	
2334733	
5007016	
5007015	
5008500	
5007011	
5007006	
5005324	
5005328	
4103174	
5005320	
5005322	
5005326	
5005313	
4104459	
4091390	
5005314	
5005327	
5005325	
5005309	
5005308	
4060653	
5005329	
5005317	
5005642	
5005645	
5005643	
5005644	
5005646	
4091759	
5005647	
4101302	
5005633	
5005635	
5005628	
5005629	
5005622	
5005623	
5005624	
5005625	
5005626	
5005627	
5005621	
5005637	
5005636	
4091742	
2333801	
5006064	
5006065	
5006063	
5006066	
4100878	
4091394	
2318456	
5006057	
5006058	
5006060	
5006059	
4061280	
5006072	
5006062	
4091888	
5006055	
5005942	
5005943	
5005944	
2337076	
5005270	
5005936	
4098329	
5005938	
2336770	
2389220	
2389221	
4091887	
4083959	
2338756	
2396868	
2396864	
2396862	
5003126	
5003064	
5003065	
5003066	
5003067	
5003068	
5003069	
5003070	
5003071	
5003072	
5003073	
5003074	
5003075	
5003076	
5003077	
5003078	
5003079	
2250481	
2396869	
2396870	
2396874	
2396876	
2396871	
2396871	
2396872	
2396863	
2396859	
2396860	
2396861	
5003024	
5003025	
5003029	
2335358	
5003103	
5003104	
5003105	
5003106	
5003107	
5003108	
5003109	
5003110	
5002989	
5003124	
2327331	
2334702	
2334759	
5003090	
5003091	
5003054	
5003055	
5003056	
5003057	
5003058	
5003059	
5003060	
5003061	
5003062	
5003063	
5003080	
5003081	
5003082	
5003083	
5003084	
5003085	
5003086	
5003087	
5003088	
5003089	
5003114	
5003115	
5003116	
5003117	
5003127	
5003113	
5003118	
5003119	
5003120	
5003121	
5003004	
5003009	
5003010	
5003011	
5003033	
5003008	
5003007	
2338793	
5003092	
5003093	
5003094	
5003095	
5003096	
5003097	
5003098	
5003100	
5003101	
5003102	
5001040	
5001039	
5001041	
5001054	
4104289	
4100520	
5001796	
5002029	
5002028	
5002027	
5002114	
5002115	
5002529	
5002528	
2339696	
5002532	
5002533	
5002535	
5002113	
5003419	
5003420	
5003421	
5003422	
5003423	
5003424	
5003425	
5003426	
5003427	
5003428	
5003444	
5003448	
5003446	
5003442	
4091508	
4086916	
2378512	
4086328	
2378509	
2378510	
5003443	
2358115	
2378513	
5003459	
5003460	
5003461	
5003462	
5003463	
2242361	
2242363	
4091482	
2378511	
4077779	
5003433	
5003436	
5003437	
5003434	
2360408	
5003435	
5003438	
2360409	
5003439	
5003440	
2360410	
5003441	
2345763	
2370400	
5003466	
2378514	
2356746	
2360587	
2360315	
2360887	
4083901	
4103014	
5001683	
5001691	
4104394	
5001684	
5001687	
5001686	
5001989	
5001990	
5001991	
5003497	
2378358	
5003488	
5003495	
5003498	
5003486	
5003500	
2230093	
5003514	
5003515	
5003516	
5003513	
5003512	
5003511	
2365274	
2342654	
8016260	
2378357	
5003508	
5003518	
5003519	
5003520	
5003521	
5003522	
5003523	
2375232	
4098792	
5003505	
5003509	
2342652	
2378355	
5003464	
5003468	
5003456	
5003467	
2342653	
5003452	
2342651	
2378356	
2378274	
2378359	
2378360	
5003541	
5003542	
5003543	
5003544	
5003531	
2342655	
2342656	
5003503	
5003510	
5001969	
5001978	
5001970	
2364695	
4086915	
5004481	
5002162	
5002126	
5002127	
5004337	
5004338	
5004340	
5004331	
5004328	
5004322	
5004323	
5004324	
5004327	
5004326	
5004329	
4103241	
4103245	
4103242	
5000747	
5000748	
5000749	
5000750	
5000751	
4104251	
5000723	
5000724	
5000721	
2365368	
5000752	
5000767	
5000768	
5000763	
5000764	
5000765	
5000766	
5000739	
2246818	
5000710	
5000711	
5000712	
5000709	
5000722	
5002157	
5002152	
5002154	
5002161	
5002155	
5002160	
5002158	
4104388	
4091484	
4103153	
5000823	
5000826	
4021627	
5000926	
5000831	
5000832	
5000833	
5000834	
5000835	
5000836	
5000837	
5000838	
5000829	
5000827	
5000828	
4052439	
4065512	
4053099	
4100611	
4051898	
5000872	
4052479	
5000873	
5000874	
5000876	
5000875	
5000878	
5000877	
5000870	
5000871	
5000953	
5000949	
5000970	
5000961	
5000951	
5000952	
5000954	
5000955	
5000920	
5000921	
5000919	
5000923	
4052050	
5001524	
5001525	
5001489	
5001501	
5001502	
5001503	
5001504	
5001499	
4091525	
4092188	
4102780	
5001500	
5001522	
5001506	
5001505	
5001507	
5001498	
5001495	
5001496	
5001497	
4084115	
5001676	
5001677	
5001516	
5001517	
5001518	
5001519	
5001523	
5001490	
5001491	
5001492	
5001494	
5000428	
5000432	
5000433	
4103128	
5000436	
4037634	
5000437	
5000504	
5000443	
4052494	
4052182	
4064897	
5000457	
4082531	
4052424	
5000389	
5000434	
5000484	
5000488	
5000430	
5000429	
5000408	
5000458	
5000414	
5000411	
5000413	
5000415	
5000427	
5000498	
5000500	
5000501	
5000489	
4103272	
5001708	
5001710	
5001732	
5001733	
5001734	
5001735	
5001736	
5001737	
5001730	
4092020	
4084425	
5001731	
5001744	
4100924	
4082515	
4065290	
5001715	
5001838	
5001746	
5001719	
5001718	
5001720	
5001721	
5001725	
5001726	
4070902	
5001759	
5001755	
5001756	
5001757	
5001758	
5001760	
5001706	
2309881	
5001716	
5005181	
5005176	
5005173	
5005172	
5005166	
2314941	
4082559	
4103298	
5000156	
5000203	
4052922	
5000155	
5000187	
5000188	
2381771	
5000157	
5004907	
5005022	
5005023	
5005039	
4091406	
5005032	
5005028	
5005024	
5005043	
5005036	
5005037	
4104297	
5002097	
5002100	
5002465	
5002466	
5002467	
5002468	
5002469	
5002470	
5002464	
5002452	
5002453	
2240287	
5002485	
5002094	
5002095	
5002093	
5002456	
5002457	
5001774	
2362804	
5001779	
5001778	
5001777	
5001776	
5001775	
5001773	
4087094	
5001784	
5001791	
5001788	
5001789	
5001792	
5001785	
5001783	
5001790	
5001794	
5001780	
4104179	
5002408	
5002412	
5002415	
4094179	
5002438	
5002400	
5002390	
5002395	
5002887	
5002401	
5002884	
5002418	
5002423	
5002812	
4059689	
5004067	
5002039	
5002036	
4103184	
4087369	
4065094	
5002035	
2387366	
4082461	
4104398	
5002333	
5002331	
5002334	
5002330	
2387385	
5002018	
2248447	
5004908	
5004909	
5004910	
5004921	
5004911	
5004928	
5004976	
5004981	
5004982	
5004983	
5004912	
5004913	
5004914	
5004917	
5004918	
5004916	
5004915	
5005027	
5004919	
5004931	
5004934	
5004946	
5004947	
5004948	
2364545	
5004936	
5004937	
5004938	
5004939	
5004940	
4091518	
2307073	
2248740	
5004944	
5004941	
5004942	
5004943	
5004945	
5004949	
5003673	
2303796	
2303795	
5003674	
2305244	
5003667	
5003663	
5003668	
5003669	
2314179	
2354828	
8016645	
2354938	
8016644	
5003661	
2218504	
2381462	
2362802	
2354832	
2216494	
5003670	
5003672	
4031158	
5003656	
5003654	
5003655	
2354831	
5003652	
2242330	
2387052	
2387398	
5003676	
5003677	
5003675	
2357758	
5003664	
5005026	
5005038	
5005042	
5005000	
5005001	
5004991	
5005033	
5004990	
5005003	
5000596	
5000597	
5000591	
5000592	
5000593	
5000594	
5000618	
5000614	
2381065	
2381082	
5000684	
5000685	
5000601	
5000608	
5000681	
5000690	
5000688	
5000682	
5000683	
4098166	
5000626	
5000625	
5002396	
5002667	
5002668	
2320678	
5002681	
5002682	
5002678	
5002679	
5002680	
5002694	
5002664	
5002672	
5002660	
5002661	
5002662	
5002663	
5002701	
2381731	
5002665	
5002683	
5001080	
5001081	
5004369	
5004371	
5004374	
5004375	
5004368	
4082878	
4028996	
4036972	
5004376	
5004377	
2248365	
5004381	
5004382	
5004379	
5000180	
5000090	
5000091	
5000092	
5000093	
5000094	
5000095	
5000084	
5000085	
5000087	
5000088	
5000110	
5000111	
5000105	
5000101	
5000102	
5000104	
5000204	
5000103	
5004442	
5004440	
5004437	
5004444	
5004445	
5004443	
2381441	
2381439	
5004434	
2245055	
2326019	
5002638	
5002633	
5002312	
5002313	
5002314	
5002315	
4090008	
5002328	
5002623	
5002622	
5002317	
5002311	
5002316	
5002651	
5002645	
5002647	
5002648	
5002649	
5002650	
5002652	
5003549	
5003550	
2215202	
5003552	
5003554	
5003553	
2303737	
2365263	
2237307	
2339212	
5003572	
4104290	
4100910	
5003573	
2309596	
5003567	
5003569	
5003570	
4091612	
2351445	
5003571	
2305368	
2233832	
5003556	
5003557	
5003558	
5003559	
4029239	
2351448	
5003546	
5003545	
2309597	
5003548	
4057122	
2367390	
5003565	
2214215	
5003576	
2215256	
2309595	
2214220	
5003574	
2226133	
5003577	
5003578	
8018611	
2382278	
5003566	
4099383	
5004159	
5004193	
5004192	
5004160	
2378303	
5004172	
5004166	
5004167	
5004168	
5004169	
5004170	
5004171	
5004178	
5004175	
2378232	
5004189	
5004183	
5004194	
5004195	
5004196	
5004197	
5004164	
2375247	
5002621	
5002125	
5002122	
5002123	
5002124	
5002208	
5002209	
5002210	
5002211	
5002212	
5002213	
5002214	
5002215	
4091570	
4100608	
4100614	
4100622	
2309556	
5002261	
5002262	
4104554	
5002223	
5002224	
5002225	
4051553	
4042340	
4051587	
2381253	
2311394	
5002235	
5002617	
5002150	
5002151	
2303738	
5002372	
5002375	
5002142	
5002140	
5002143	
5002135	
5002231	
5002232	
4045263	
5002227	
5002228	
5002229	
5002230	
4052643	
4065438	
5001459	
5001532	
5001531	
5001526	
5001527	
5001528	
5001530	
2303484	
2303476	
2380051	
2303478	
2303480	
2303482	
2303497	
5004824	
4086888	
2306529	
2234541	
2329676	
5004815	
2301322	
5004816	
5004825	
2339222	
5003355	
5003356	
5003758	
5003759	
5003760	
5003761	
5003762	
5003763	
5003764	
5003765	
2326768	
5003747	
5003748	
5003749	
5003750	
5003340	
5003341	
5003357	
5003343	
5003344	
5003342	
5003348	
5003352	
2362227	
5003351	
5004205	
5004258	
5004219	
5004220	
5004221	
5004222	
5004223	
5004224	
5004210	
5004211	
5004216	
5004217	
5004218	
5004214	
5004213	
2391278	
2391483	
5004225	
2322311	
4082957	
5000537	
4025579	
5000536	
5000572	
4052468	
4091517	
5000557	
4052857	
5000553	
4086796	
4052038	
2303660	
5000555	
5000571	
5000562	
5000550	
5000547	
5000551	
5000545	
5000546	
5000532	
5000534	
4093349	
5000559	
5005697	
5005701	
5005702	
5005703	
5005704	
5005706	
5005695	
5005694	
2388992	
5005691	
5005693	
2354171	
5003361	
2354699	
2222343	
2228426	
2357863	
2357866	
2357865	
2357864	
2360514	
4087387	
2357867	
5003379	
5003366	
5003364	
2360823	
2360824	
2357127	
2357104	
2381716	
5003378	
5003377	
2357862	
5000958	
5000959	
4044777	
5000992	
4103110	
5000989	
4091590	
4086122	
5000967	
5000968	
2388598	
5000963	
5000965	
5000988	
5000986	
5004680	
5004656	
5004657	
2212391	
4086842	
5004679	
5004675	
5004676	
4113589	
5004685	
5004686	
5004687	
5004688	
5004689	
5002327	
5001963	
5001964	
5002059	
5002055	
5002060	
5002056	
5002063	
5002064	
4098617	
5002062	
2378543	
5002061	
5002067	
5002068	
5002069	
5002070	
5002071	
5002057	
5002058	
5001118	
5001119	
5001114	
5001115	
5001116	
5001130	
5004514	
5004513	
4103021	
4102998	
4091386	
5000232	
5000266	
5000268	
5000324	
5000332	
5000331	
5000317	
5000319	
5000329	
5000330	
5004846	
5004847	
5004848	
5004843	
5004844	
4100792	
2391179	
5004840	
5004841	
5004842	
2209131	
5004745	
2357892	
2240296	
5004753	
5004750	
2379310	
4103443	
4084413	
4084417	
5002837	
5002838	
2380488	
5002810	
5002811	
5002824	
5002825	
5002809	
2251098	
5002819	
5002818	
5002817	
5002816	
5002813	
5002856	
5002857	
5002858	
2353163	
5002110	
5002104	
5002105	
2202534	
2361351	
2378787	
2378788	
2378789	
2378790	
2378791	
2378792	
2378793	
2378794	
2378795	
2378796	
2378797	
2378798	
5003738	
2383751	
2378698	
2383796	
2368078	
2368077	
4048530	
5000152	
5000153	
5000154	
5000151	
5001391	
5001392	
4091444	
5001387	
4070970	
5001388	
5001389	
5001390	
4091740	
5001401	
5001397	
5001139	
5001398	
5001399	
5001413	
5001418	
5001417	
5001409	
5001411	
5001412	
5003614	
5003613	
5003615	
2388703	
5003616	
5003617	
5003620	
5003619	
4091430	
2388708	
5003583	
5003584	
5003585	
5003586	
5003587	
5003588	
5003589	
2316571	
2331554	
2388699	
5003601	
5003602	
5003603	
2388701	
5003604	
5003641	
5003639	
5003638	
2388702	
2318509	
5003605	
5003607	
5003608	
2388571	
2342280	
5003625	
5003632	
5003626	
5003627	
5003628	
5003629	
2387137	
2365161	
2319706	
2319239	
5003579	
5003580	
5003581	
2387140	
2319709	
5003598	
2319710	
2387369	
2382261	
5003635	
2387181	
2319711	
2388705	
5003606	
2387183	
2388706	
5003649	
5003650	
5003651	
5003642	
4058118	
2388700	
2319708	
2319707	
5003623	
2388704	
5001091	
5001088	
5001090	
5001092	
5001096	
5001065	
5001064	
5001060	
4113726	
4113725	
4103261	
5003230	
5003231	
5003223	
4102955	
5003224	
5003225	
5003229	
5003195	
5003196	
5003197	
5003198	
5003199	
5003200	
5003194	
5003232	
5003233	
5003234	
5003248	
5003226	
2329885	
2377620	
2378038	
2378039	
2378040	
4043578	
5003222	
5000233	
4026902	
5000237	
5000231	
5000229	
5000234	
2325844	
5000235	
5000236	
5000291	
5000293	
5000238	
2359668	
5003407	
5003414	
4086874	
5003417	
5003418	
2359194	
5003410	
5003409	
5003408	
2210471	
2325117	
2309882	
2360448	
5003394	
2359667	
2309883	
2360449	
2359666	
2210494	
5003399	
2360450	
2312833	
2317089	
2204290	
2312832	
5003384	
5003383	
5003385	
2312831	
2309879	
2364699	
2360330	
2360908	
2357445	
5001694	
5001695	
5001693	
5001692	
5001842	
5001841	
4088438	
5001839	
5001840	
4103150	
5001921	
5001920	
5001918	
5001911	
5001909	
2388589	
5001912	
5001913	
5001914	
5001924	
5001925	
5001926	
5001923	
5001919	
4103011	
4087397	
4091899	
4100671	
2315478	
4091820	
4091549	
2315360	
5004874	
5004875	
2386751	
2368055	
4048780	
4086731	
5004876	
2360314	
4083029	
4061955	
2220472	
5004318	
5004316	
5004321	
5004314	
5002335	
5002799	
5002712	
5002732	
5002717	
5002733	
5002734	
2358715	
5002709	
5002711	
5002801	
5002800	
5002713	
5002714	
2219507	
5006806	
2209978	
5006202	
5006201	
5006794	
5006793	
4074751	
5006795	
2316686	
2209740	
5006213	
5006216	
5006215	
5006192	
5006191	
2225550	
2303628	
4087074	
5006800	
5006798	
5006804	
5006799	
5006805	
5006185	
4104259	
4091811	
5006193	
4100578	
5006198	
2221900	
4104432	
5006197	
5006199	
5006200	
4104390	
5006194	
2200052	
5006190	
4100583	
5006187	
2249639	
2326512	
2318828	
5006181	
5006179	
5006797	
5006802	
5006161	
5006163	
5006164	
2209826	
5006183	
5006196	
2364885	
2373150	
5006182	
5006814	
5006813	
5006811	
5006809	
5006810	
4091778	
5006796	
4103078	
4086259	
4104457	
5006044	
5006043	
5006051	
5006039	
5006040	
5006038	
5006037	
5006039	
5006042	
5006052	
5006050	
5006976	
5006968	
5006971	
2377380	
5007000	
5006998	
5006997	
5006999	
5006996	
5008485	
5008484	
2221194	
5006994	
5008482	
2327049	
5008483	
2301767	
5006995	
5006992	
5006991	
2381258	
5006977	
5006980	
5006978	
5006979	
2308544	
5006981	
5006983	
5006985	
2208140	
2368122	
5008488	
5008487	
5100103	
5100104	
5100105	
5100110	
5100102	
5008000	
5008001	
5008028	
5008029	
5008031	
5008030	
5008033	
5008032	
5008034	
5100106	
5100107	
5100108	
5100109	
5100099	
5100100	
2383759	
5100101	
5008035	
4104454	
4104174	
4104458	
5006166	
4082448	
5006171	
4091393	
2216024	
5006172	
5006174	
4091845	
5006169	
4104468	
5006178	
2202070	
5006170	
5006168	
5006167	
4104455	
5005525	
5005519	
2217040	
5006147	
5006150	
5006152	
5006148	
5006145	
5006141	
5006144	
5006142	
5006157	
5006153	
5006155	
5006156	
5006154	
5005662	
5006611	
5006614	
5006607	
5005658	
5005659	
5005660	
5005661	
5006612	
4099407	
4098123	
5005663	
2361346	
5100063	
5100064	
5100066	
5100065	
5100068	
5100067	
5100070	
5100069	
4044824	
5007918	
4092150	
5007919	
4091852	
5007916	
5007913	
5007912	
5007914	
5007911	
5007907	
5100062	
5007909	
4017213	
4098273	
5007910	
2372579	
2367401	
5001485	
5001486	
5001475	
5001476	
5001477	
5001478	
5001479	
5001474	
5001461	
5001460	
2382368	
2338348	
2349821	
5001463	
5001467	
5001468	
5001469	
5001472	
5001470	
5001465	
5001487	
5001488	
5001481	
5001482	
5100085	
5007940	
5007943	
5100084	
5100077	
5100079	
5100078	
5100081	
5100080	
5100083	
5100082	
5007939	
4091692	
5007942	
5007945	
5007944	
5007947	
5007946	
5007949	
5007935	
5007934	
5007938	
5007941	
5007923	
5100074	
5007921	
5007920	
2382356	
5007922	
4037162	
4043967	
4005746	
4100856	
2218363	
5005520	
5006849	
2329181	
5006848	
2346193	
5006866	
5006871	
5006867	
5006872	
5006871	
4100918	
5006853	
5006854	
5006855	
5006859	
5006858	
5006852	
5006851	
2318824	
5006857	
2336131	
5006850	
4101260	
5006856	
2313275	
2391878	
2222797	
2238464	
5006865	
4030069	
5006865	
5006865	
2336130	
2313274	
5006845	
5006843	
4064518	
5006875	
5006878	
4004480	
5006873	
5006874	
5006877	
5006860	
5006863	
4087039	
5006864	
5005633	
4102994	
5005631	
4103045	
5005632	
4012748	
5005634	
4093295	
4104467	
4100528	
4100530	
4101252	
4104385	
4104463	
4104200	
4087264	
4104255	
4104199	
4104465	
4087381	
4092175	
4087139	
4104456	
4104501	
4104184	
2212042	
5005625	
2371362	
5005611	
2371361	
2367418	
5005619	
2364318	
4090849	
5005613	
5005615	
5005616	
5005617	
5005618	
2332976	
4087088	
2327503	
4073332	
2370499	
4091396	
4087213	
4104223	
4082858	
2322752	
2369691	
5005637	
5005636	
5005635	
2370504	
5005642	
2244352	
4100539	
4104515	
4104523	
4104491	
4104521	
5005309	
4104500	
4104489	
4091723	
4084450	
4087070	
5005618	
5005744	
4086298	
4100826	
4087071	
4098622	
4100869	
4087027	
4099302	
4087326	
4104506	
5005741	
4045808	
4064863	
5006125	
5006125	
5006125	
5006124	
5006130	
5006128	
5006127	
5006129	
5006131	
5006134	
5006135	
5006116	
5006116	
5006119	
5006120	
5006117	
5006117	
5006115	
5006121	
5006122	
5006107	
5006105	
5006108	
5006104	
5006109	
5006111	
5006138	
5006136	
5006137	
5006140	
5006139	
5005787	
4103134	
2341823	
4082975	
2389881	
5005784	
5005783	
5005781	
5005689	
4103295	
5005690	
5005687	
5005679	
5005677	
5005678	
5005681	
5005682	
5005686	
4082712	
4104193	
4087185	
5005507	
4104252	
4100820	
4084456	
2230854	
2218608	
2342699	
4100854	
5005496	
5005497	
5005498	
2388586	
5005501	
5005504	
4104462	
4077919	
2212697	
5005493	
4100974	
2336274	
2336911	
4093300	
5005490	
2336915	
5005492	
4087238	
5005483	
5005484	
5005487	
5005489	
2387374	
5005491	
4092126	
2388140	
2366342	
4031120	
4082754	
4104510	
4100644	
4104331	
4104508	
5005203	
5005204	
5005202	
4104503	
5006663	
4100800	
4091792	
4104512	
5006658	
2381066	
5006662	
5006660	
5006659	
2331467	
5005013	
5005012	
2330041	
2330042	
2331464	
2331465	
2331466	
5005029	
5005017	
5005016	
5005018	
2331010	
2331011	
2331012	
2331013	
2331014	
2331015	
2331016	
2331018	
2331020	
5005578	
5005576	
5005577	
5005575	
5005579	
5006594	
5005581	
2210011	
4087006	
5006588	
5006585	
5006587	
5006568	
5006567	
5006593	
4104509	
4086302	
4071455	
5006589	
4092092	
5005548	
5006569	
5006534	
5006570	
5006572	
2329611	
2329614	
5006571	
5005563	
5006583	
5006586	
5006577	
5006579	
5006582	
5006581	
5006584	
5006580	
4084125	
4084126	
2233743	
4098360	
2210010	
2210012	
4064406	
2373147	
4086988	
5006576	
5005219	
5005220	
5005221	
5005193	
5005194	
4091461	
5005225	
5005226	
5005227	
4091824	
5005234	
5005199	
5005216	
5005198	
5005190	
5005218	
5005188	
5005189	
5005217	
5005191	
5005235	
5005223	
5005339	
5005343	
5005342	
5005341	
5005340	
5005327	
2304379	
4092032	
4087045	
4091640	
2217297	
5005336	
5005337	
5005338	
5006516	
5005324	
5006529	
4098257	
4076062	
5005344	
5006532	
5005273	
5005274	
5005275	
5005268	
5005282	
5005284	
5005283	
4091794	
5005279	
5005280	
4050731	
4100904	
5005281	
5005266	
5006512	
5005265	
2325824	
2325814	
5005278	
4091716	
2203960	
2324573	
2202366	
4091711	
5007968	
5100096	
5100092	
5007994	
5100093	
5100094	
4091712	
5100095	
5007995	
5100097	
4035311	
5100098	
5007988	
5007991	
5007980	
5007983	
5007985	
5007987	
5007986	
5007997	
5007984	
5007977	
5007976	
5007993	
5007969	
5007975	
5007974	
4091813	
5007978	
5007979	
4100705	
5007981	
5007996	
5007998	
5007973	
5007972	
5007971	
5007970	
4092186	
5007982	
5007992	
5100091	
5007967	
5007966	
2382344	
4045269	
4037597	
4047604	
2387377	
4088321	
4091516	
5007989	
5007999	
5100090	
5100089	
5007960	
5100088	
5100087	
5007963	
5007952	
5007957	
5007956	
5007962	
5007965	
4098629	
5007964	
5007961	
5007955	
5100086	
5007954	
4098330	
4044838	
5007958	
5007959	
5002329	
5002323	
5002321	
5002320	
5002322	
5002303	
5002307	
5002308	
2361821	
5005976	
5005976	
4091731	
4091993	
4100763	
4082519	
5005981	
5005973	
5005980	
2245807	
4100718	
4104225	
5005979	
5006456	
5006458	
5006457	
5006462	
5006461	
5006459	
5006460	
5006451	
4084511	
5006449	
5006450	
4087102	
4091650	
5006467	
5006463	
5006464	
5006465	
5006466	
5006448	
5006452	
2363980	
2363977	
4090846	
2363978	
4090845	
5006447	
5006443	
4091638	
5005425	
5005422	
5005424	
5005432	
5005433	
5005431	
4104181	
5005434	
5005435	
2381079	
5005420	
5005421	
4045692	
5005437	
5005430	
2301659	
5005451	
5005452	
5005453	
5005454	
5005455	
5005456	
5005450	
5005457	
5005458	
5005459	
5005460	
4082131	
5005462	
5005463	
4092060	
5005445	
5005444	
5005448	
5005449	
4082843	
5005439	
5005446	
5005447	
5005443	
5005442	
5005441	
5005466	
4045791	
4045575	
5005436	
5005435	
5005437	
5006271	
5006268	
5006267	
5006269	
4025592	
5006270	
5006272	
5006273	
5006274	
5006381	
5006382	
4087348	
5006280	
5006279	
5006278	
4087131	
4087309	
4091785	
4050534	
4100782	
4079687	
4086278	
4087262	
4103408	
4092208	
4100783	
2349783	
4087270	
2229557	
2357799	
4087308	
5006252	
5006254	
5006255	
5006256	
5006257	
5006257	
5006258	
5006259	
5006253	
2388129	
2388130	
5006372	
5006373	
4084123	
5006375	
4050697	
4084124	
4087350	
5006377	
5006379	
5006380	
4089948	
5006265	
5006275	
2373137	
4100744	
5006244	
5006249	
5006250	
5006248	
5006247	
5006246	
2377216	
5006242	
5006236	
5006238	
4087245	
4091693	
4093309	
4104206	
4092105	
5006241	
5006237	
5006235	
2324918	
5006240	
5006399	
5006405	
2317557	
5006398	
5006400	
5006404	
5006401	
5006402	
5006396	
5006394	
5006395	
5005289	
5006392	
5006393	
5006386	
4100893	
4086283	
4063221	
4100872	
5006391	
5006390	
5006409	
5006410	
5006411	
5006412	
5006385	
5006384	
5006383	
5006387	
4087085	
5006397	
4091455	
5006433	
5006434	
5006435	
5006436	
2377220	
5006437	
5006415	
5006442	
4082789	
5006439	
5006440	
5006441	
5006413	
2354854	
5006438	
5002461	
5002927	
5002735	
5002486	
5002487	
5002488	
5002489	
5002941	
5002527	
5002495	
5002943	
5002523	
4103055	
5002424	
5002441	
4100861	
5002439	
5002440	
5002435	
5002434	
5002416	
5002421	
5002422	
5002436	
2318801	
4093339	
5002426	
4079848	
5006829	
5006822	
4074779	
5006838	
4104383	
5006825	
5006827	
5006830	
4045601	
5006832	
5006836	
5006837	
5006835	
5006816	
5006817	
2382353	
5006815	
5006820	
5006818	
5006841	
5006842	
5006844	
5006840	
5006834	
5006833	
4094636	
5004877	
5004880	
5004890	
5004891	
5004896	
5004897	
5004898	
5004899	
5004900	
5004901	
5004884	
5004885	
5004886	
5004887	
5004895	
5004892	
5004893	
5004894	
5004902	
5004903	
5004904	
5004905	
5004906	
5004882	
5004883	
5007316	
5007317	
5007306	
5007307	
5007308	
5007327	
5007328	
5007326	
4092115	
5007319	
4100680	
5007312	
4091726	
4042561	
5007325	
4100937	
5007324	
5007320	
5007331	
5007304	
5007305	
5007302	
5007300	
5007301	
2245938	
5003501	
5003491	
5003496	
5003499	
4100785	
2302780	
2302782	
5003478	
4100777	
5003504	
5003506	
5003481	
2302779	
2326363	
5003485	
5003487	
5003489	
5003479	
5003471	
5003472	
5003473	
5003474	
5003475	
5003476	
5003477	
5003482	
2356248	
2342878	
4028340	
2302783	
5003483	
2360889	
2322126	
4076376	
4104257	
4104272	
2327571	
2234500	
2315617	
2237273	
2250379	
2251289	
2251290	
2353021	
2241846	
2249619	
2247862	
5006034	
5006035	
5006036	
2251040	
2386820	
5006030	
5006029	
2388131	
5006033	
4104271	
5007906	
5007908	
50079902	
5005860	
5005862	
4087354	
4091630	
4091641	
4104189	
4092004	
4087346	
5005854	
5005855	
5005853	
5005850	
5005849	
5005872	
5005873	
4087347	
5005351	
5005356	
5005352	
5005355	
5005353	
5005354	
4104346	
5006537	
5005350	
5006535	
5005345	
5006536	
5005346	
5005347	
5005348	
5005349	
5005486	
2330155	
2363897	
2363898	
2363899	
5005490	
4103239	
4103180	
5005497	
4044775	
5005496	
5005500	
5005499	
5005488	
5005489	
4100731	
4091931	
4092156	
5005487	
4091648	
2354426	
4086861	
5005470	
5005469	
5005468	
5005471	
5005478	
5005479	
5005483	
5005484	
5005480	
5005482	
5005485	
5005477	
5005476	
5005475	
4071348	
2361980	
4091627	
5006025	
5006026	
2363933	
2363934	
4091676	
5006007	
5006009	
5006013	
5006008	
5006014	
5006015	
5005992	
5005993	
5005998	
4100713	
5006003	
5005999	
4071323	
5006006	
5005997	
4071898	
5005991	
5006001	
5006000	
5006002	
5005983	
5005984	
5005989	
5005990	
4098259	
4031201	
5005987	
5005328	
5005996	
5002917	
5002918	
5002920	
5002921	
5002922	
5002897	
5002896	
5002443	
2306691	
5002904	
5002905	
5002906	
5002448	
4086855	
5002903	
5002451	
2341963	
5002718	
5002900	
4065037	
4103139	
4103406	
4100751	
4087338	
5005884	
2252295	
4092136	
5005933	
5005888	
50058889	
5005875	
5005883	
4045798	
4082687	
5005932	
5005886	
5005965	
5005964	
5005966	
5005967	
5005968	
5005969	
5005971	
5005972	
5005963	
5005953	
5005954	
4091810	
4091784	
4091806	
5005957	
5005952	
5005945	
5005946	
5005951	
5005947	
2342014	
4091384	
5005959	
5005960	
5008243	
5008242	
5008244	
5008247	
4102958	
5008245	
5008246	
5008238	
5008240	
5008241	
4042576	
5008237	
5008232	
5008231	
5008233	
5008234	
5008235	
4073064	
4086969	
4083397	
5008191	
5008187	
5008189	
5008186	
5008190	
4104274	
5005244	
5005898	
5005897	
5005928	
2377243	
5005924	
5005926	
5005925	
2377245	
5005927	
5005899	
5005900	
5005901	
4100870	
4086655	
5005917	
4086779	
4086884	
4087176	
5005930	
5005919	
5005904	
5005902	
5005903	
5005908	
5005243	
5005905	
5005906	
5005931	
4092174	
5008181	
5008182	
5008184	
5008180	
4087095	
4049200	
5008009	
5008007	
5008008	
500798	
5008002	
5008003	
5007096	
500799	
5008006	
4103099	
5005376	
5005377	
5005379	
5005381	
5005385	
5005409	
5005369	
4104296	
5005368	
5005371	
5005372	
4086741	
5005373	
4091779	
5005375	
5005360	
4103040	
5005361	
5005362	
5005363	
5005367	
2209032	
2209034	
2209035	
5005370	
4103701	
5005394	
5005358	
2235890	
5005374	
5005359	
5005389	
5005393	
5005397	
5005398	
5005395	
5005396	
5005407	
5005404	
4087265	
4104395	
4087044	
4086642	
4087080	
4091754	
5005503	
5005504	
5006028	
5005513	
5005505	
4082478	
5006027	
4100666	
5005406	
5005407	
4086830	
4082607	
5005357	
5005404	
5005355	
4092191	
5006286	
4091500	
5006289	
5006290	
4050531	
5006285	
5006283	
5006281	
4091728	
4100647	
5005573	
5005566	
5005567	
5005570	
4102999	
5005564	
4103405	
2374680	
5005582	
5005589	
4101318	
5005592	
5005590	
5005591	
2323953	
4091710	
5005603	
5005604	
5005605	
4086261	
5005588	
5005586	
5005587	
2239462	
5005600	
5005601	
5005599	
5005549	
5005550	
5005551	
5005559	
5005557	
5005574	
5004509	
5004507	
5004504	
2238869	
5004491	
5004492	
5004493	
5004498	
5004499	
5004486	
5004485	
5004487	
5004502	
5004501	
5004646	
5004647	
5004495	
5005330	
5005333	
5005332	
5005331	
2313965	
5005358	
4078916	
4100638	
5005364	
4087055	
5005365	
5005367	
5005403	
5005395	
5005397	
5005399	
5005398	
5005396	
5005394	
5005393	
5005401	
5005400	
4091807	
4101292	
4087060	
4104446	
4104197	
2319763	
4087048	
5005381	
2321111	
5005380	
4087168	
5005383	
4092153	
5005391	
5005387	
5005389	
5005368	
5005371	
500537	
5005370	
4086878	
5005373	
5005372	
5005377	
5005388	
5005374	
5005375	
4091869	
5005359	
5005360	
4091857	
5005369	
5005385	
5005382	
5005341	
2369990	
5005335	
5005336	
5005339	
5005337	
5005334	
5005344	
5005348	
5005351	
5005353	
5005350	
5005345	
5005346	
5005349	
5005390	
4084127	
5005409	
2228020	
4084128	
2348192	
4091746	
5005343	
5005386	
5005408	
5005366	
5005392	
5003973	
5004002	
5004003	
5004004	
5004005	
5004006	
5004007	
5004008	
5003979	
5003980	
5003981	
5003982	
5003974	
5004013	
5003984	
5004027	
5004026	
5003994	
5003995	
5003997	
5003993	
5003999	
5004024	
5004025	
5005228	
5005230	
5005233	
5005235	
5005225	
5005227	
5005222	
4091405	
5005224	
5005202	
5005201	
5005200	
5005237	
5005234	
5005411	
4102986	
5005410	
5005418	
4087244	
4100898	
4082824	
4104368	
5005416	
5005417	
5005419	
5005415	
5005456	
5005459	
5005454	
5005457	
5005458	
5005455	
5005453	
5005452	
4104444	
5005441	
5005440	
4087281	
5005445	
4104232	
5005438	
5005448	
5005451	
5005450	
5005449	
5005443	
5005442	
5005439	
4098354	
5005436	
4087256	
5005446	
5008266	
5008256	
5008257	
5008250	
5008251	
5008252	
5008253	
5008254	
5008255	
5008258	
5008260	
5008259	
5008261	
4087150	
5008248	
4104344	
2224509	
2224510	
5008276	
5008271	
4104342	
4104340	
4100690	
4087046	
4100677	
4084445	
5008249	
4087316	
5008265	
5008263	
5008264	
2388136	
2385670	
2385671	
2385672	
2385673	
2385674	
2385675	
2385676	
2385677	
2385678	
2385679	
2385680	
2385681	
5008267	
5008268	
5008272	
5008274	
4084122	
5008275	
4084121	
5008281	
5008225	
5008226	
5008228	
5008230	
5008227	
5008229	
4086309	
5008220	
2317963	
2317961	
2335089	
5008224	
5008222	
5008212	
5008211	
5008209	
5008216	
5008215	
5008214	
5008217	
5005560	
2340970	
5007458	
5007459	
5100038	
5100037	
5007450	
5007449	
4103035	
4086709	
5007457	
5007446	
5007447	
5007445	
5007448	
5007452	
5007453	
5007454	
5007455	
4086723	
4104300	
5100042	
5100044	
5100039	
5100040	
5100041	
4061798	
5008311	
2227021	
4103157	
2227030	
5008303	
5008318	
4026760	
2227020	
5008313	
8011459	
5008308	
5008307	
5008316	
2318510	
5008297	
5008350	
4080012	
5008349	
5008352	
4079699	
5008351	
5008354	
5008353	
5008301	
5008295	
2359676	
2359677	
2359678	
2359679	
2370237	
2338588	
2338594	
2354870	
2386538	
5008294	
2251832	
2329007	
2329031	
2329636	
2332768	
2338353	
2357452	
2357456	
2359491	
2325805	
5100045	
2357952	
2373142	
2252245	
2370603	
2370604	
5008310	
2251850	
5008355	
5008356	
4026618	
2359530	
2387475	
2360926	
2360296	
2360920	
2372990	
2360924	
4086994	
4087107	
2345741	
2360927	
2360298	
2359203	
2359205	
2360922	
2360297	
4103372	
5100024	
4043041	
4103203	
4103343	
2219340	
5008369	
5008370	
5100014	
5100015	
5100016	
5100017	
5100018	
5100019	
5008372	
2317813	
4100732	
2319233	
4072162	
5008361	
5008362	
2251798	
5100023	
2315203	
4030036	
2235689	
2233589	
5100022	
2348191	
5008322	
5008324	
5008328	
5008327	
5008319	
5008329	
5008330	
5008337	
5008338	
5008339	
5008340	
5008342	
5008341	
5008334	
5008335	
5008331	
5008332	
5008333	
5008320	
5100047	
5100048	
5100049	
5100050	
5100004	
5100005	
5100006	
5100007	
5100008	
5100011	
5100009	
5100010	
5100012	
5100013	
5006655	
5006642	
5006641	
5006644	
5006654	
2305721	
5006653	
4087226	
5006647	
5006650	
4073586	
5006646	
5006649	
4101299	
5006652	
4086808	
5006651	
2252586	
4087161	
4087303	
4091613	
5006643	
4087296	
5006656	
4100650	
5006648	
5006627	
5006630	
2388584	
2085786	
2385785	
2385786	
2385787	
2385788	
2385789	
2385790	
2385791	
2385792	
5006629	
4091613	
4087170	
5006645	
4088323	
4088324	
4091768	
4087295	
5004791	
5004793	
5004796	
5005076	
5005077	
5005079	
5005080	
5005084	
5005082	
5005083	
5005088	
5005089	
5004787	
5004788	
5004801	
5004800	
5004782	
5007365	
5007366	
5007397	
5007406	
5007408	
4103384	
5007393	
5007395	
5007398	
5007400	
5007402	
5007404	
5007410	
5007356	
5007371	
5007418	
2338061	
4100533	
4100552	
4091608	
5007415	
5007416	
5007417	
5007420	
4104401	
5007367	
5007425	
5007426	
5007427	
5007424	
5007413	
5007363	
5007364	
5007361	
5007362	
5007369	
5007368	
5007387	
5007360	
4045714	
4086532	
5007359	
2387382	
5007388	
4082707	
4082771	
5007414	
5007932	
4068586	
5007927	
5007924	
5007929	
5100075	
5007925	
2388133	
5100076	
4045482	
5007931	
5007926	
5004396	
5004397	
5004398	
5004399	
5004400	
5004401	
5004407	
2326965	
5004417	
5004418	
5004403	
5004419	
5004395	
5004394	
5007487	
4103349	
5007488	
5007490	
5007489	
5007491	
4102993	
5007473	
4082747	
4104226	
4104239	
5007476	
5007474	
5007475	
5007477	
5007481	
5007483	
5007484	
5007493	
5007486	
2180148	
5004465	
5004426	
5004427	
5004428	
5004429	
5004430	
5004474	
2212819	
2224103	
5004561	
5004472	
5004432	
5004433	
5004471	
5004431	
5006625	
5006620	
5006621	
5006624	
5006628	
5006622	
2178788	
5005675	
5006626	
5006623	
5006619	
4086880	
5004366	
5004367	
5004349	
5004350	
5004351	
5004352	
2222013	
5004361	
5004359	
5004360	
5004358	
4028421	
5004344	
5004339	
5004354	
5004355	
5004341	
5004335	
5004348	
5004356	
5004388	
5004389	
5004390	
5004391	
5004365	
5001637	
5001624	
5001626	
5001625	
5005657	
5005656	
5005648	
5005652	
5005653	
5005649	
5005650	
5005654	
5005651	
5005655	
5006597	
5006603	
5006606	
2217827	
5006605	
5006601	
5006602	
5006600	
5006599	
2224436	
5006604	
5006598	
5005620	
5006596	
5006595	
2318570	
4091830	
5006608	
5002397	
5002394	
4100682	
5002384	
5002385	
5002398	
5002399	
5002383	
4084446	
5002381	
5002382	
5002388	
5002391	
5002392	
5002389	
5002402	
4104222	
2236227	
5005031	
5007441	
5007443	
5007430	
5007429	
4087211	
5007439	
5007437	
5007436	
5007433	
5007431	
5007432	
2245959	
2372399	
5007440	
2371442	
4104280	
5007468	
2235909	
5007472	
5007470	
5007471	
5007464	
5007463	
5007467	
5007461	
5007462	
5007469	
5007460	
4091565	
5002746	
5002745	
5002739	
5002740	
5002737	
5002738	
2333262	
4086292	
5004032	
5004038	
5004039	
5004037	
5004040	
5004041	
5001242	
5001243	
5001241	
5001440	
5001441	
5001442	
5001443	
5001444	
5001445	
5001446	
5001447	
5001448	
4101291	
5001438	
5001439	
5001844	
5001845	
4091540	
4072796	
5001458	
4070969	
4103088	
5001457	
4065262	
4083193	
5001424	
5001425	
5001427	
5001428	
5001430	
5001432	
5001431	
4052083	
5001420	
2303498	
2303824	
2310144	
2330088	
2303504	
2330083	
4102784	
2212033	
2327223	
2366327	
4086946	
2327222	
5003282	
5003283	
2388590	
5003294	
5003295	
4100633	
2366322	
2339232	
5004950	
5004951	
1758294	
5004960	
5004959	
5004953	
5004954	
5004956	
5004957	
5004961	
5004962	
5004952	
5004575	
5004577	
2213640	
5004578	
5004579	
2327366	
4109592	
5004589	
5004587	
5004586	
5004588	
4113590	
4020765	
2380239	
5002165	
4092139	
8802598	
4104495	
4065000	
2382313	
5002170	
5002116	
5002117	
5002118	
5002119	
5002120	
5002174	
5002175	
5002107	
4100632	
4062418	
5003275	
5003336	
5003337	
5004538	
5004528	
5004519	
5004517	
5004518	
5004522	
5004521	
5004520	
5004552	
5004553	
5004557	
5004558	
5004549	
5004550	
5004523	
5004527	
5004525	
5001830	
5001831	
5001804	
5001805	
5001823	
5001820	
5001836	
5001837	
5001818	
5001819	
5001816	
5001817	
4100758	
4053055	
4103215	
2374042	
4100714	
2222493	
4082959	
5004276	
2222847	
4091585	
2222848	
5004275	
2222846	
4029274	
2330554	
5004271	
5004270	
2382342	
5004269	
5004273	
2229427	
2381712	
5004278	
5004279	
2223230	
2362389	
5002177	
4061161	
4052578	
4051790	
4086780	
5002040	
5002184	
5002178	
5002081	
5002076	
5002077	
5002080	
5002078	
5002079	
2368107	
2381722	
2232695	
5005302	
5005286	
4082760	
5005269	
5005271	
5005279	
5005281	
5005282	
5005283	
5005284	
5005285	
5005261	
5005263	
5005260	
5005262	
5005268	
5005272	
5005295	
5005288	
5005291	
5005290	
5005292	
5005293	
5005289	
5003169	
5003170	
5003171	
5003157	
5003158	
5003159	
5003160	
5003161	
5003162	
5003163	
5003164	
5003165	
5003166	
5003167	
5003189	
5003190	
5003191	
5003172	
5003173	
5003174	
5003175	
5003193	
5003176	
2357785	
2369746	
5003192	
2206259	
8041435	
5003178	
5003179	
5003180	
5003181	
5003182	
5003183	
2344157	
5003151	
5003149	
5003150	
5003146	
5003188	
5001936	
5001937	
5001938	
5001939	
5001940	
5001941	
5001942	
5001943	
5001944	
5001945	
5001946	
5001947	
5001948	
5001949	
5001950	
5001951	
5001961	
5001960	
5001954	
5001927	
5001928	
5001929	
5001930	
5001932	
5001931	
5001933	
5001934	
4097523	
2360962	
2360960	
2360961	
4077774	
5000055	
5000056	
5000011	
5000012	
5000010	
5000058	
5000057	
2360955	
5000059	
5000060	
2360952	
4086768	
2360957	
5003264	
5003261	
5003263	
4100640	
5003262	
2225051	
2243208	
2244498	
5003259	
5003260	
4053070	
5003269	
5003270	
5003267	
2214214	
4083362	
5003809	
5003818	
5003821	
5003819	
5003812	
5003855	
5003856	
5003857	
5003858	
5003859	
5003860	
5003861	
5003862	
5003864	
5003865	
5003837	
5003838	
5003839	
5003816	
5003824	
5003825	
5003826	
5003827	
5003834	
2313250	
2360593	
5003844	
5003841	
5003850	
5003848	
5003854	
5003851	
5003810	
5003822	
5003823	
5003870	
5000699	
5000700	
5000701	
5000702	
5000703	
5000704	
5000705	
5000706	
5000698	
5000707	
5000708	
5000206	
5000190	
5000191	
4104192	
5004226	
5004227	
5004228	
2389710	
5004246	
5004247	
5004248	
5004250	
5004251	
2969	
2970	
2971	
2972	
2973	
2974	
2975	
2976	
2977	
5004253	
5002164	
5002163	
5000196	
5000223	
5000226	
5000227	
5000207	
5000197	
5000210	
5000193	
5000194	
5000199	
5000229	
5000208	
5000370	
5000371	
4098393	
5000360	
5000362	
5000363	
5000365	
5000211	
4086850	
5000198	
5000200	
5006907	
5006909	
5006932	
5006930	
5006933	
5006934	
2390467	
5006918	
5006914	
5006912	
5006911	
5006908	
5006910	
5006916	
5006917	
5006926	
5006923	
5006924	
2391569	
5006925	
5006929	
5006937	
5006938	
5006935	
5006936	
5000887	
5000891	
5000892	
5000882	
5000896	
5000900	
5000912	
5000909	
5000879	
5000885	
5000598	
5000597	
5000599	
5003334	
2306754	
2322552	
2372937	
5003328	
5003329	
2357146	
4104326	
4104220	
4100778	
2359816	
2322562	
2322284	
2320100	
4028977	
2332232	
8011606	
5003332	
5003331	
2381274	
2376191	
2381328	
2368767	
2340968	
4061321	
5000931	
5001029	
5000658	
5000657	
5000643	
5000644	
5000645	
5000654	
5000653	
5000649	
5000651	
5000652	
4065109	
5001852	
4066132	
5001859	
5001860	
4065065	
5001861	
5001862	
5001853	
4064905	
4065400	
5001854	
5001863	
5001864	
4065171	
4104426	
4065941	
4065558	
5001231	
5001232	
4104504	
5001233	
5001236	
4104413	
4065345	
5005135	
5005136	
2339070	
5005137	
5005139	
5005143	
5005140	
5005141	
5005142	
2379521	
5005148	
5005149	
5005152	
5005153	
5005154	
5005151	
5005150	
2339071	
5005145	
5005133	
5005134	
2386836	
5005131	
2371997	
5005155	
5005156	
5001583	
5001584	
5001586	
5001587	
5001589	
5001561	
5001562	
5001563	
5001564	
5001565	
5001566	
5001567	
5001568	
5001557	
5001558	
5001559	
5001560	
5001014	
5001015	
5001016	
4061089	
4104435	
4061111	
4052695	
4086320	
4082416	
4104428	
4061004	
2364626	
5000946	
5001023	
5001024	
5001025	
5001022	
4084447	
5001028	
5000947	
5001026	
5001027	
5001030	
5001013	
2342030	
4052795	
5002725	
5002720	
5002721	
5002722	
5002723	
5002724	
5002726	
2319694	
2366068	
4082703	
4087268	
5000013	
4051666	
5000006	
5004636	
5004637	
5004638	
5004622	
5004623	
5004629	
5004633	
5004630	
5004631	
4109421	
2192192	
5004617	
5004618	
5004616	
2372801	
2372833	
2371055	
2371057	
2371062	
2371065	
2371068	
2371072	
2371073	
2371076	
2371088	
2371091	
2371095	
2371098	
2371099	
2371100	
2371104	
2371105	
2371109	
2371117	
2371120	
5004776	
5004777	
5004778	
5004779	
5002787	
5002786	
5002789	
5002788	
5002962	
5002877	
5002791	
5002792	
5002870	
5002871	
5002872	
5002873	
5002980	
5002794	
5002864	
5002874	
5002953	
5002954	
5002876	
5002945	
5002981	
5002970	
5002971	
5002972	
5002973	
5002974	
5002790	
5002865	
5002866	
5002867	
5002868	
5002869	
5000395	
5000396	
4087054	
2223058	
5005214	
5005213	
2381104	
5005254	
5001159	
5001160	
5001161	
5001162	
5001163	
5001164	
5001165	
5001166	
5001143	
5001144	
5001145	
5001146	
5001147	
5001148	
5001149	
5001150	
5001176	
5001177	
4103074	
2329720	
2342797	
5005221	
2366842	
4087178	
5005204	
5005207	
5005211	
5005208	
5005209	
5001880	
5001878	
5001879	
5001881	
5001882	
5001883	
5001876	
5001877	
5001891	
5001892	
5001893	
5001894	
5001895	
5001896	
5001897	
5001898	
5001899	
5001890	
4091433	
5001873	
5001870	
5001875	
5001869	
5001866	
5001867	
5001868	
5001865	
5001886	
5001887	
5001889	
5001888	
5001907	
5001908	
5001906	
2349794	
2390043	
2329699	
2388069	
2373152	
2387408	
2387410	
2356747	
5001705	
5001697	
2305581	
4103254	
2305600	
4103293	
4103286	
4091631	
2326284	
2326553	
2326277	
2331394	
4086754	
4029270	
5004264	
2325063	
2381720	
2225994	
4043681	
4082886	
5000338	
5000336	
5000339	
5000337	
5000340	
5000159	
5000160	
5000161	
5000162	
5000163	
5000164	
5000165	
5000166	
5000167	
5000168	
5000169	
5000170	
5000171	
5000172	
5000173	
5000174	
5000175	
5000205	
5000181	
5000182	
5000183	
5000184	
5000189	
5000185	
5000065	
5000066	
2376211	
2376212	
2376213	
5000070	
5000350	
5000341	
5000351	
5000349	
5000342	
5000348	
5000343	
5000347	
5000344	
5000346	
5000345	
5000352	
5000097	
5000098	
5000359	
5000081	
5000082	
5000077	
5000078	
5000079	
5000080	
5000640	
5000642	
2249521	
2318222	
2301605	
2304165	
2305617	
4103044	
2305624	
2305650	
2305651	
4093341	
2301791	
2301792	
2301793	
2251436	
5004855	
2305555	
2356366	
5004862	
5004863	
5000523	
5000383	
5000384	
5000386	
5000507	
5000506	
4072651	
4072653	
4103392	
4103394	
4104543	
4104549	
4104635	
4104526	
4104632	
4104656	
4088188	
4104577	
4104654	
4104524	
4104581	
4104596	
4104649	
4104662	
4082343	
4104527	
4104599	
4104541	
4104668	
4104657	
4104350	
4104601	
4104643	
4104646	
4104650	
4092214	
4104551	
4104651	
4104663	
4104580	
4104630	
4101656	
4104310	
4101244	
4105073	
4104559	
4108718	
4109599	
4110974	
4111172	
4111173	
4099159	
4099169	
4104666	
4104637	
4109413	
4109441	
4109453	
4109456	
4109462	
4113585	
4113586	
4113591	
4113593	
4113595	
4113596	
4113597	
4113598	
4113600	
4113606	
4113615	
4113617	
4113618	
4113619	
4113620	
4113621	
4113627	
4113629	
4109479	
4084378	
4084645	
4084647	
4084646	
4084648	
4104664	
4082737	
4084443	
4084652	
4113562	
4084653	
4084651	
4104408	
4104569	
4104600	
4104659	
4065535	
4066212	
4104568	
4104585	
5006017	
5006018	
4104269	
4092158	
5006023	
5006022	
5006019	
4045590	
4100921	
5000773	
5000771	
5000772	
5000769	
5000770	
5000774	
2373538	
2234422	
2348169	
4100756	
5005513	
5005515	
4092142	
5005508	
4031071	
2337539	
4087252	
2313759	
5006522	
2313956	
5005300	
5005286	
5005287	
4100817	
5006519	
5006520	
5005295	
5006518	
5006515	
5005285	
5005297	
5006517	
5002032	
5002046	
5002024	
4094790	
2313766	
4102967	
5002187	
5002188	
4052617	
4086255	
5002186	
5002054	
5002189	
5002191	
5002196	
2354525	
4052671	
2313704	
5003708	
5003704	
5003703	
5003707	
5003717	
5003718	
5003719	
5003720	
5003721	
5003722	
5003723	
5003724	
5003725	
5003726	
5003727	
5003728	
5003729	
5003730	
5003731	
5003732	
5003733	
5003734	
5003735	
5003736	
5003737	
4086790	
5003700	
5003701	
5003715	
5003716	
2355820	
5003710	
5003714	
5003713	
4030843	
5003709	
5003785	
5003786	
5003787	
5003788	
5003789	
5003359	
5003360	
5003767	
5003793	
5003794	
5003792	
5003795	
5003796	
5003777	
5003781	
5003782	
5003780	
5003784	
5003797	
2315338	
5003773	
2368211	
5005482	
4103317	
5005472	
5005477	
5005478	
5005476	
5005470	
5005469	
4099402	
5005317	
5006527	
5005318	
5005320	
5005321	
5006530	
5005323	
5006526	
5006525	
5005310	
5005311	
5006523	
5006524	
5006521	
5005306	
5005308	
2388142	
4098283	
5005316	
4091893	
5006528	
4091675	
4087345	
4100629	
5006508	
5006507	
5006506	
5006505	
5006502	
5005236	
5006503	
5003899	
5003874	
5003875	
5003876	
5003877	
5003878	
5003879	
2365037	
5003882	
5003900	
5003901	
5003902	
5003904	
5003903	
4088313	
5003894	
5003895	
5003896	
5003893	
5003898	
5003897	
5005539	
5005538	
4103177	
5005546	
4103274	
5005535	
5005536	
5005529	
5005542	
5005530	
5005543	
4087144	
5005544	
5005526	
5005527	
5005510	
5005506	
5005521	
5005522	
5005547	
4086972	
5005523	
5005531	
4100739	
2312499	
408083	
5008081	
5008082	
4104329	
5002128	
5002133	
5002129	
5002130	
5002131	
5002132	
5002134	
5002558	
5002559	
5002560	
5002561	
5002562	
5002563	
4084402	
5002557	
4084214	
5002145	
5002144	
5002553	
5002545	
2313741	
2313923	
2313744	
5005429	
5005424	
4100767	
5005418	
4103063	
5005405	
5005408	
5005410	
5005411	
5005412	
5005413	
5005401	
5005403	
5005399	
5005400	
2381116	
2387391	
5005423	
4100591	
4101261	
4086693	
4104460	
5004063	
5004064	
5004049	
2322423	
5004046	
5004047	
5004048	
2322244	
5004056	
5004057	
5004062	
5004065	
5000667	
5000670	
5000583	
5000584	
5000585	
5000586	
5000587	
5000588	
5000589	
5000590	
5000607	
5000581	
5000582	
4091548	
4084423	
5000666	
4091617	
5000600	
5000605	
5000604	
5000676	
5000677	
5000678	
5000679	
5000675	
5000674	
5005662	
4103330	
5005330	
5005331	
4087057	
4087072	
2247032	
5005650	
5005652	
2247847	
5005643	
5005644	
5005653	
5001322	
5001304	
5001328	
5001292	
5001293	
5001294	
5001295	
5001285	
5001286	
5001314	
2383749	
5001301	
5001281	
5001333	
5001334	
5001335	
5001336	
5001313	
5001318	
5001343	
5001344	
5001345	
5001346	
5001347	
5001305	
5002268	
5002269	
5002270	
5002271	
5002272	
5002273	
5002274	
5002275	
5002276	
5002277	
5002263	
5002264	
5002265	
5002266	
5002254	
5002255	
5002256	
5002257	
5002258	
5002259	
5002260	
5002368	
5002249	
5002248	
5002291	
5002292	
5002287	
5002288	
5002289	
5002290	
5001179	
5001167	
5001168	
5001169	
5001170	
5001171	
5001172	
5001173	
5001174	
5001175	
5001178	
5001227	
5001159	
5001163	
5001158	
5001155	
5001151	
5001152	
5001153	
5001154	
5001193	
5001194	
5001195	
5001196	
5001197	
5001198	
5001199	
5001200	
5001201	
5001202	
5001190	
5001191	
5001187	
5001188	
5001189	
5001192	
5001213	
5001208	
5001209	
5001210	
5001211	
5001212	
5001215	
5001216	
5001217	
5001218	
5001219	
5001220	
5001221	
5001222	
5001223	
5001206	
5001204	
5001203	
5001205	
4113718	
5004284	
5004285	
4113716	
2223486	
5004282	
5004309	
5004288	
4109558	
4109524	
4109526	
5004300	
5004299	
5004297	
4083109	
4092029	
2314925	
2339157	
2311443	
4044955	
2380621	
2311442	
4104367	
4103106	
2311441	
4104376	
2236413	
2307052	
4041906	
4054443	
4069816	
2330531	
2308474	
2308475	
2381056	
5004453	
5004452	
4109436	
2330464	
5004446	
2368057	
5004464	
4048785	
2339158	
2311444	
5005307	
4102987	
5005304	
4082593	
5005779	
4021599	
4103207	
5005771	
5005777	
5005768	
5005769	
5005773	
5005780	
4104445	
5005674	
5005675	
5005673	
4103367	
4103165	
4103138	
5005668	
5005667	
5005676	
5005663	
5005665	
5005666	
5004140	
5004138	
5004139	
5004070	
2316981	
2308974	
5004126	
5004127	
5004087	
5004088	
5004145	
5004135	
5004136	
5004137	
2301363	
5004131	
5004132	
5004133	
5004134	
5004119	
5004118	
2252533	
5004128	
2309363	
2307884	
2308308	
2308307	
5004100	
5004101	
5004102	
5004103	
5004092	
5004093	
5004094	
5004095	
5004096	
5004097	
5004098	
5004099	
5005091	
5005092	
5005093	
5005094	
5005095	
5005096	
5005097	
5005098	
5005099	
5005100	
5005130	
5005102	
2243210	
2243212	
5005108	
5005109	
5005106	
5005107	
2243220	
5005110	
5005111	
5005127	
5005128	
5005122	
5005123	
5005124	
5005125	
5005126	
5005115	
5005116	
5005117	
5005118	
5005119	
5005120	
5005121	
4103247	
4100812	
4082308	
4104172	
4104270	
5005715	
5005713	
5005714	
5005710	
5005707	
5005708	
5005709	
5005716	
5005717	
4101207	
2311627	
2311628	
2311629	
5003688	
5003686	
5003687	
5003689	
2311343	
2364542	
5003685	
5003691	
5003692	
5003693	
5003694	
5003695	
5003696	
5003697	
5003698	
5003699	
2372864	
5003681	
2307244	
5003684	
5003682	
2364491	
2309635	
2309636	
2382022	
2373129	
5003690	
5000387	
5000388	
5000410	
5000409	
2357228	
2387392	
5000391	
5000390	
4035262	
5005249	
5005246	
4098799	
5005244	
5005242	
5005248	
5005250	
5005241	
5005239	
5005238	
5005251	
5005247	
5005245	
5007333	
5007334	
5007335	
5007336	
4103279	
5007337	
5007340	
5007341	
4104227	
4100734	
2342308	
4100750	
5007348	
5007351	
5007352	
5007350	
5007338	
5007339	
5007344	
2341490	
4075042	
5007342	
5007343	
5007354	
2341883	
4087130	
5007346	
2362819	
5005670	
5005674	
5005666	
2341574	
5006616	
5005667	
2359025	
5005668	
5005672	
5005669	
5006618	
5005673	
4100642	
5006615	
5005664	
2381286	
4050477	
4070910	
5002626	
5002627	
5002630	
2332771	
5005162	
5005161	
5005159	
5005160	
5004482	
5004480	
5004566	
5004567	
5004568	
2312208	
5006424	
5006425	
5006423	
5006427	
5006426	
5006429	
5006428	
4087171	
5006432	
2311307	
5006418	
5006416	
5006417	
2373913	
4045726	
5006430	
5006431	
2324820	
4103278	
5004755	
5004770	
5004771	
5004772	
5004773	
5004774	
5004775	
5004762	
5004769	
5004768	
5004736	
5004737	
5004738	
5004739	
5004740	
5004757	
5004758	
5004963	
5005065	
5005066	
5005067	
5005068	
5005069	
5005070	
5004969	
5004970	
5004966	
5004965	
5004967	
5004968	
5005047	
5005048	
5004971	
5004972	
5005058	
5005056	
5005057	
2304123	
5005055	
4026359	
5005062	
5005061	
5005060	
5005064	
5005063	
5005071	
5005059	
5100060	
5100059	
5100061	
5007904	
5007902	
4091593	
4087136	
5007903	
5007900	
5100058	
5007901	
2381301	
5007898	
4045185	
2310985	
4087122	
2303859	
2304883	
5004868	
2248368	
2252199	
2359042	
2305363	
4087160	
4092127	
2331633	
2318119	
2250159	
5004871	
5004872	
5004869	
5004870	
4091391	
5001271	
5001610	
5001611	
5001612	
5001613	
5001614	
5001615	
5001609	
5001606	
5001607	
5001286	
5001622	
5001621	
5001620	
5001617	
5001619	
5001616	
5001337	
5001608	
5003905	
5003906	
5003907	
5003909	
5003911	
5003910	
5003933	
5003927	
5003928	
5003934	
5003958	
5003917	
5003918	
5003919	
2388572	
5003913	
5003914	
5003915	
5003916	
5003935	
5003936	
5003945	
5003943	
5003950	
5003969	
5003970	
5003959	
5003960	
5007500	
5007496	
5007495	
5007514	
5007516	
5007517	
5007515	
5007494	
5007503	
5007502	
5007499	
5007497	
5007505	
5007507	
5007508	
2385297	
2381736	
5007513	
5007509	
4091884	
5006229	
5006227	
5006231	
5006233	
5006234	
5006223	
5006225	
5006217	
5006218	
4099403	
5006232	
2373895	
5006222	
5006220	
4023457	
2332858	
4065108	
2309948	
4109336	
4047461	
4035292	
4061466	
2248819	
2325843	
2325851	
2342024	
2325840	
2325862	
2325848	
4021574	
4092163	
5005726	
5005725	
5005723	
4045355	
5005720	
5005721	
5005722	
2381076	
4087159	
5005739	
5006483	
5006482	
5006487	
5006484	
5006486	
5006489	
4104182	
4096336	
5006492	
5006493	
5006490	
5006491	
5006480	
5006481	
5006494	
4087220	
5004690	
5004691	
2305250	
5004717	
5004718	
5004719	
5004720	
5004721	
5004722	
5004697	
5004696	
5004695	
5004694	
5004710	
8028375	
5004707	
5004708	
5004709	
4109445	
5004731	
5004732	
5004728	
2239838	
2204342	
2392448	
2245082	
5004730	
4027240	
4105817	
4105855	
4111219	
4105820	
4105815	
4087116	
4105801	
4105854	
4105856	
4105875	
4105864	
4099665	
4104720	
4099957	
4087261	
4104781	
4105782	
4087028	
4104763	
4104802	
4099954	
4082717	
4104813	
4087001	
4105870	
4104688	
4105842	
4099952	
4099956	
4099958	
4082907	
4087298	
4104409	
4104616	
4104747	
4104759	
4104841	
4104205	
4107936	
5100052	
5100053	
5100054	
5100055	
5007891	
5007890	
4091940	
4100771	
5007899	
4086811	
5100051	
5007897	
5007896	
5100056	
5007895	
5100057	
5007894	
2391190	
2342020	
2342034	
5000693	
5000694	
5000695	
5000691	
5000692	
4104556	
5000541	
5000538	
5000540	
5000524	
5000525	
4082517	
4091374	
4064857	
5001084	
5001357	
5001376	
5001377	
5001371	
5001374	
5001375	
5001372	
5001373	
5001380	
5006542	
5006541	
5006550	
5006547	
5006549	
4082582	
5006552	
5006554	
5006553	
5006546	
5006545	
5005387	
5006539	
5006540	
5006543	
5006548	
5005390	
5005391	
5006551	
2249382	
5004614	
5004615	
2358880	
5004604	
5004610	
5004612	
5004611	
5004590	
5004591	
5004597	
5004598	
5004599	
5004600	
5004592	
2330750	
5006899	
5006900	
2336464	
5006906	
2329506	
2335753	
5006883	
5006885	
4087247	
5006886	
5006887	
5006888	
5006889	
2329502	
5006890	
2330098	
5006896	
2335755	
2337129	
5006894	
2331284	
2338634	
4061463	
5006898	
5006892	
5006891	
2338635	
2329505	
5006880	
5006879	
2329387	
2329389	
2329426	
2330457	
2330096	
5006884	
2387072	
2334101	
5006904	
4091615	
5006893	
5006895	
2329503	
2376613	
5100029	
5100030	
5100033	
5100034	
4105768	
4100592	
4091399	
4087202	
5100026	
5100025	
2385763	
2385764	
2385765	
4092069	
5006080	
5006082	
5006097	
5006079	
5006075	
5006071	
5006098	
5006078	
5006078	
5006074	
5006102	
5006086	
5006094	
5006095	
5006096	
5005292	
5003324	
5003322	
5003323	
5003321	
5003319	
5007386	
5007385	
5007379	
5007378	
5007374	
5007375	
5007376	
5007372	
5007373	
5007382	
5005758	
5005759	
5005760	
5005761	
5005762	
5005763	
5005764	
5005751	
5005752	
5005746	
5005747	
5005748	
5006348	
5006355	
5006321	
5006318	
5006323	
5006341	
5006340	
5006333	
5006335	
5006339	
5006361	
5006354	
5006337	
5006331	
5006362	
5006363	
5006325	
5006320	
5006328	
5006346	
5005269	
5006293	
5006300	
5006302	
5006301	
5006303	
5006304	
5006305	
5006306	
5006307	
5006308	
5005272	
5006309	
5006312	
5006314	
5006369	
5006368	
5006344	
5004805	
5004806	
5004807	
5004808	
5004810	
5004802	
5004803	
5004811	
5004812	
5004813	
5004814	
4020102	
