5000498	
5000500	
5000431	
5000489	
5000483	
5000443	
5000430	
5000429	
5000408	
2204664	
5000428	
5000433	
5000436	
2303880	
2303881	
2303882	
2238984	
5000486	
5000457	
5000416	
5000418	
5000420	
5000421	
5000423	
5000424	
5000426	
5000435	
5000438	
5000442	
5000444	
5000445	
5000446	
5000448	
5000450	
5000452	
5000454	
5000456	
5000459	
5000461	
5000463	
5000465	
5000467	
5000468	
5000470	
5000472	
5000474	
5000476	
5000478	
5000480	
5000482	
5000490	
5000492	
5000494	
5000496	
5000497	
2316899	
2316893	
2316894	
2316895	
2316896	
2316897	
2316898	
5000458	
2390034	
2357981	
2384896	
5000484	
2317142	
5000488	
2339089	
5000389	
2315191	
5000503	
4037634	
5000501	
4104783	
4104794	
4103128	
2316805	
5000434	
5000414	
5000411	
5000413	
2389975	
2389976	
2389977	
2389978	
2305910	
2307246	
5000415	
5000427	
5000440	
5000487	
5000441	
5000439	
4052182	
4052424	
4052494	
4064897	
4065499	
2385843	
5000432	
5000437	
5000504	
